37392 37194 37371 37393 37394 37374 37353 37375 37386 37376 37387 40500 37191 37192 32763 32870 37169 37368 37369 37204 39625 37303 31337 32866 2
23108 20357 20356 16993 28 4531 25966 22777 16819 10657 35678 10999 6501 4900 19259 19198 19135 19211 15330 36035 35782 19194 35780 4815 30011 3147 36036 35783 4895 4533 4896 15973 14520 4759 3
37450 30817 8458 9149 31072 3166 4969 30783 10738 30824 30868 38269 30867 30826 15027 16952 30869 30825 19108 16638 30863 30866 30822 30865 13170 3090 2285 3248 12608 6556 4975 37447 37448 37449 4218 4219 2913 4979 13183 6297 3660 4993 6294 2007 2764 15645 30846 30845 15405 30844 30843 1515 6342 15172 5011 30828 5012 30827 30829 26625 38270 38271 30831 30830 5
37772 37530 37773 37739 37618 37576 37730 37774 37731 37610 37535 37657 37735 37737 38012 38013 37761 38014 37606 37609 37642 38137 37720 37567 37721 37765 37568 37722 37601 37569 37646 37723 37602 37603 37604 37803 37591 37790 37595 37596 37597 37751 38160 37717 37718 37719 37675 37631 37752 37599 37632 37753 38006 37677 37710 37633 38007 37798 37678 37755 37712 37713 37636 37515 37714 37516 37715 37836 37660 37661 37663 37749 37588 37665 37786 37589 37743 37667 37744 37788 37668 37789 37746 37626 37747 37627 37748 6
4052 4054 27645 27643 27644 27649 4050 27641 27642 27640 4048 4049 4064 4067 21319 27652 27650 27651 4074 27508 27509 4077 4078 27624 27503 27621 27506 27627 4070 4084 4085 4087 21256 4089 21252 27635 27514 27357 27511 27638 4080 27639 27515 4082 27637 4083 27351 27630 27510 27353 27354 4095 21225 21223 21222 21221 27689 27324 27687 27688 27681 27682 27440 27680 27322 27685 27686 27441 27320 27684 27442 27618 27619 27615 27690 27691 25396 21324 21321 27665 21209 21207 21327 27663 27664 27662 21213 21212 21054 27436 27437 27679 27434 27676 27435 27677 21218 27439 27670 27671 27672 27673 10
37293 37250 37295 37297 37298 37177 37299 37212 37290 37291 37171 37213 37214 37337 37218 37339 37286 37242 37287 37365 37244 37201 37323 37202 37324 37402 37369 37325 37403 37326 37405 37272 37393 37273 37394 37196 37274 37354 37310 37312 37313 37237 37359 37315 37239 37319 37261 37262 37220 37265 37222 37300 37388 37267 37180 37309 37224 37268 37269 37226 37227 37305 37228 37306 37229 11
9623 18651 32042 32040 31674 31497 32465 31510 31499 31616 31516 31518 31617 31512 32029 31515 31514 32030 32031 32038 32039 32457 32036 31643 32454 31620 32034 32035 32453 31627 31628 31623 31644 31622 31625 31624 12
26718 16079 26631 22157 21307 25228 21306 25227 26712 25229 15905 26273 1972 15907 7714 13293 16087 8741 26720 26524 26721 26845 13290 2677 25231 2675 15919 13577 728 7407 7728 17388 25209 2297 20517 18030 2295 3262 20514 690 25208 23700 3260 25207 26531 13547 1955 13546 15767 26629 17198 25212 19051 20924 20923 25214 26589 1965 661 662 16904 1960 25211 7426 4116 13673 8834 1969 1967 1966 13
18052 22874 8054 15827 15809 4642 17308 6946 4901 6629 9199 23959 19031 23632 11957 10649 8539 14421 6636 9769 7947 6857 4812 11512 18505 15
38140 38263 38264 38221 38265 38144 38222 38068 38223 38146 38224 38182 38225 38226 38227 38052 38096 38053 38174 38054 38133 38059 38216 38217 38218 38219 38041 38086 38042 38043 38087 38044 38121 38045 38166 38046 38167 38124 38169 38160 38161 38040 38084 38152 38230 38033 38231 38077 38034 38035 38036 38150 38073 38038 38117 38118 16
6376 25960 31172 24259 31090 33457 10639 24177 4027 33459 31217 30667 20467 20124 10081 10281 17550 3210 3295 3270 33464 3269 39447 39623 19317 17876 32756 17
38144 38200 17362 38223 38224 4036 18651 35793 35870 35792 19260 3362 3360 35812 35811 35874 35795 35794 35871 38225 11584 38226 37357 38227 26090 15400 38197 38198 38199 15595 38192 38194 35867 35866 35789 35788 30015 24385 35807 30017 11015 30016 35869 37406 35868 18
40542 38144 17362 40427 40426 31398 31431 31395 35874 31394 31430 31396 30505 11584 30504 39358 30507 30506 30501 30500 30502 40571 40570 39587 35866 35789 35788 31389 31429 39589 37406 40322 39577 4036 40326 40568 40325 39490 40328 40569 35812 32864 35811 37357 26090 40553 30508 39367 31481 40357 40517 40515 31487 31486 35808 35807 19
4570 9144 9584 15382 8298 6275 7564 3640 25543 18492 40224 26911 6270 6271 10811 4849 25541 2024 16954 4565 15027 11269 12755 10730 17843 11224 3636 6284 4022 16840 6288 9159 4860 9556 25674 2284 27054 3643 18942 27050 4856 6639 2290 11481 4991 16574 4234 9402 40688 7060 6292 15969 3138 6447 4224 3895 9334 7034 6267 6266 11172 8489 40675 1690 3193 10965 3625 16949 3545 10729 16944 20
4294 4295 4296 4297 4451 4298 4331 4299 4454 26438 4291 18814 14412 4325 18817 4448 4460 4341 22408 4342 4463 19311 14384 4300 4344 24741 22403 26043 1543 26443 26685 25750 26442 4334 4457 4337 17387 19287 17385 19047 16091 19284 17382 19280 26098 26450 4302 4347 4304 4349 4307 4282 4283 4284 4285 4241 4287 4288 4244 4289 20528 26028 19290 24766 23150 4313 15930 4316 4319 21
38020 37493 38021 37496 38024 37497 37530 38223 37498 37531 38103 38224 37499 37411 38027 37532 38225 37533 38028 38226 38029 37534 38227 37416 37417 38096 37483 38011 38012 38013 38014 37520 38015 37529 37488 37521 38016 37489 38019 37527 37528 38241 38242 38244 38200 38245 38004 38246 37518 37519 37477 37510 38005 38247 37478 37511 38006 38007 37513 38008 38129 38009 37515 37516 38030 38197 38230 38198 38199 37420 38192 38193 38194 37507 37508 37509 37500 37501 37502 37504 37506 23
37172 37371 37372 37374 37375 37376 34143 34140 37378 37379 37365 37167 37366 34131 34130 34139 34138 34137 34136 34135 34134 34133 37368 37369 37405 37208 37392 37393 37394 37354 37355 34165 34164 34162 37191 37390 37192 37391 37193 34129 34166 37356 37358 37382 37184 37383 37384 37186 37385 37386 37387 37388 34154 34153 37380 37182 34158 34157 34156 37389 24
10171 6973 25248 4804 4948 4927 11629 4642 10651 15764 15763 4900 4944 15669 4901 4945 10655 3736 4946 15194 15179 16883 20484 11230 6246 24227 21976 6261 11415 25570 10649 4511 13036 4898 4931 3788 17139 17711 4812 13039 18505 28
39570 39694 39693 39630 39696 39695 39698 39610 32861 32760 39711 39611 39699 39613 39714 32824 32766 32767 39684 39687 39686 32797 32698 32676 39708 32798 39707 32677 32695 32890 32891 32816 32738 39701 39624 32813 32799 39629 39706 39628 29
6234 12231 8852 18497 8131 9382 9064 3759 1134 11828 10175 13126 12236 6241 9510 6242 15672 8184 3803 3726 16886 11233 6514 3887 16889 3802 21522 14194 22539 6253 14197 20914 20912 20479 3615 12659 25486 26057 22373 6204 6209 3811 3812 26050 14160 6265 6222 6225 22541 8284 3903 3905 20918 11452 3741 11451 17958 6979 7507 7508 17955 3901 31
7484 8971 9585 11140 30619 8975 7963 14451 9261 12957 10733 10810 30584 11549 17929 14819 6821 19705 18733 37899 10896 14855 16165 7176 8662 7178 7970 8462 16086 7133 25312 21956 7295 12649 7403 9625 13135 11511 10344 7849 18945 18038 17027 8672 16576 7146 22298 26614 23304 7383 24275 30561 30560 7734 11520 8426 6923 15009 19527 8167 8486 16384 9331 19534 16620 13672 18287 23994 9890 32214 15458 7866 14126 13797 15379 6816 14844 34
8575 23329 5142 21420 9544 26555 1581 24412 3560 22235 26912 13409 1533 1532 11507 1531 2024 39513 37895 39515 39514 11269 12755 39516 39519 15075 3092 8666 5155 6401 7654 39184 9151 16928 35624 3525 11519 23297 16767 13214 9901 16005 8939 13930 6639 2714 8035 13183 23704 12097 12495 7346 2172 25648 10799 11648 3138 15964 5039 7856 6924 38925 9696 7430 6583 8326 19575 6500 7995 3552 3035 24202 38915 11734 38916 24320 16305 23908 15699 20282 17836 3864 13558 7705 2814 11897 38914 35
7682 7681 16031 7683 15145 23928 15144 19101 8379 20615 23965 6906 10975 25661 19706 7998 13367 20095 12991 6944 7559 12992 8608 6904 16119 9755 7378 17890 8744 17891 18585 10140 9275 7928 26485 17418 17419 10783 13651 14620 8552 9003 9004 7783 16411 6775 12132 14473 12131 16650 8193 20518 22699 8194 13507 11405 10117 10436 13506 11408 14115 16337 7934 8866 15367 8867 11049 11687 15967 16341 8761 22669 7395 9697 8762 11051 7476 7795 8763 15099 14242 6862 26862 24245 18680 26622 26624 24328 9295 22382 21808 12189 11410 12503 2219 37
16671 8057 7682 19664 37250 8056 12273 37297 9501 16034 8174 10458 10977 24054 16919 13169 12991 11300 37898 37899 35835 10973 9432 9595 20189 20262 7214 8182 23455 21515 20260 16007 37249 13855 22734 17420 9840 9006 25488 22772 23745 10999 11364 11881 9956 737 15329 18515 8123 23757 9136 7794 9134 15970 38630 23397 23398 22145 22466 9053 10602 11614 11338 23031 31880 10363 35847 37901 39
7682 10095 37297 10094 9501 18493 35834 35833 35839 12711 35838 11347 35835 9910 9996 22920 12329 23171 37323 22919 16007 14741 37846 11512 9509 17420 9486 14551 14035 10195 9006 3023 10999 7750 7199 38630 22466 12708 12707 11210 7228 10363 10882 35926 38636 8057 24739 8056 11384 37893 16034 37894 25664 24054 2223 24055 10451 37895 37896 11300 12991 37897 12992 37898 11302 6946 11301 23813 8182 11957 13856 5123 16652 5124 9281 3185 10715 10551 9956 737 15209 9838 20124 10719 9052 9053 35844 35843 15738 35840 9968 13554 10167 37865 13713 37900 35847 35846 40
20456 6231 18252 20177 5147 18497 1583 17280 22990 23166 22199 2275 2702 1579 22194 3598 20293 21382 22908 13401 20292 22927 24303 2283 20349 20348 2712 2711 2277 4610 2719 2717 13932 17733 2716 2714 19324 22736 20277 16851 4077 19322 24630 2693 24631 21403 2724 10634 2720 20289 22989 17555 7353 23717 2583 24003 1522 26262 2699 2731 24001 2695 4631 20282 16985 13238 19615 23647 23648 23649 19386 19385 2595 24970 2592 24972 8290 2590 23644 23646 24292 2107 3839 2588 2587 2586 13609 9936 26190 24904 15074 20022 9797 9952 23650 3573 22323 3600 18906 10222 10221 1825 17620 6210 9722 9448 8238 18392 2129 10439 24154 11089 8109 9958 10673 6206 6209 1837 6208 23636 26906 19138 19374 8246 21571 9052 9053 23635 3589 24164 3587 6457 8239 8118 12225 41
4095 7125 6299 12350 10393 8094 2197 1580 2470 16392 22797 22875 10615 1313 3414 10617 4709 3015 3334 8328 3975 2308 4802 19114 18049 22606 9019 6343 19113 5037 23993 2560 9396 25678 1327 16709 10469 1785 18907 9945 11599 18887 3407 43
39111 39236 39235 33370 39191 39190 39074 31113 31112 33378 33379 31870 33374 31111 39238 39237 31879 40061 31116 30426 39102 33362 39060 30496 31863 32672 32670 30494 31869 31868 38930 30658 30413 40050 31864 39296 39053 30919 39297 39058 39057 39299 39059 39291 39052 39294 39051 31850 30243 32666 31852 30246 38928 30642 30488 31851 30245 38929 30641 30361 30360 31857 31854 31855 39285 39287 39286 31839 39162 39040 30353 31841 31847 31846 31849 31848 38997 30358 32656 31844 39032 39036 38981 30618 39038 39313 39159 40023 39037 39312 39675 39158 40022 39151 31830 30462 30461 31836 39678 39039 39314 31835 31838 31837 31832 39318 32648 32646 39263 39540 39023 39660 39025 39300 30608 39024 39027 39543 39260 30696 30971 39029 39546 39667 39545 30977 39547 30457 38978 30456 39307 30459 30976 30458 30975 39098 39131 39251 39097 39133 39253 39651 39258 39654 39257 39532 39092 33393 39094 39093 39250 39656 30449 39534 39658 39536 39657 31897 39087 39240 39086 39089 39088 39245 39641 39244 39640 39643 40078 39246 39642 30431 31883 31882 30433 31884 39524 39007 39645 39526 39646 31887 39649 39527 44
35834 35833 35733 35777 35656 35819 35817 35838 35816 35639 35715 35683 35980 35682 35647 35789 35844 35646 35843 35964 35788 35842 35963 35644 35962 35885 35983 35884 35981 35728 35706 35847 35704 35846 48
40186 39199 40189 40188 40187 30788 40175 39186 40174 40173 40172 40293 40299 39500 40216 40215 39180 40213 39181 40217 30774 30773 39501 39503 40171 30930 40292 40170 40291 30775 40290 30778 30777 40285 39174 39850 40289 39179 40288 40287 39852 39851 40286 31294 39173 31296 31295 31297 30769 39854 30768 30922 39853 39856 39858 39857 38919 39847 39849 39848 39791 39790 40261 39793 40260 39792 40663 40300 39794 40662 40661 39796 38982 40667 40304 40666 40303 40665 40302 40664 40301 40305 40656 40655 40654 40653 40659 40658 40657 39788 39789 39498 39497 39499 40195 40194 40193 40191 40190 49
9125 16098 38221 38222 2192 4927 23241 3158 17947 14752 4723 4900 19115 8023 15194 15051 13594 8785 11230 4740 39169 30334 16800 15656 15655 38216 38898 4931 38217 38218 5109 38219 2858 15657 50
32481 32480 32248 31653 31650 31539 31538 32249 31537 32349 31536 40150 37880 37883 32250 32151 32152 32293 32479 31541 31543 31680 32351 32153 31540 32297 37884 37885 31702 52
9421 8410 20497 18054 8411 8697 2077 19384 8890 13648 25462 25463 7910 8604 7495 8343 14024 8865 6720 9671 24745 14627 11355 11356 14626 11358 17933 18279 7263 17422 14431 7421 9566 23865 23866 26133 8549 15687 7978 8548 9956 7979 10479 6849 6460 6581 18562 20560 12143 9413 22665 2182 7030 6939 7909 11659 1884 11297 16425 6658 7306 7823 53
36071 37068 37101 37069 36023 35880 36043 37070 36072 37050 37072 39719 35878 35621 37158 37159 37105 37106 54
8574 9663 7486 9667 6795 16475 10295 7720 8016 23243 22039 13606 11947 8803 9933 10134 13721 14580 8143 14386 8941 13331 8665 20629 23533 22004 8260 24427 26163 14468 15479 16205 10387 11794 16925 16209 7605 7847 12489 8738 22613 5164 21167 21166 13144 8876 21760 6455 24398 8152 25526 11726 6689 10671 8943 18832 10674 5173 5096 5174 25616 8880 5175 7156 5176 8765 5177 26709 7157 8323 21615 5171 5172 4433 7987 11330 8319 11258 10202 13911 9929 55
6379 38740 10195 1581 8070 27108 12559 3513 10636 30382 7536 18518 4406 7816 11491 7951 22684 26944 30893 38739 30895 30894 10583 9529 30896 38935 30898 14767 56
7043 40102 40101 37454 31193 40106 31192 40104 40103 40109 31191 40108 31190 40107 27043 4569 7913 12635 6287 6286 38055 8028 8940 31182 31181 31184 1591 9154 31225 10505 27053 31186 23052 31185 31188 31187 31220 8338 16571 5087 16576 6896 16573 11729 31219 4225 7153 20125 7035 11170 4561 18282 11855 10728 7986 8316 4558 9926 58
12571 11582 19420 27109 4724 17328 17354 9630 26827 20661 16740 18042 25932 19490 26429 26945 10943 14409 14408 1861 11279 6912 10941 11457 16823 16603 59
26937 19304 10097 7764 8394 11108 4749 15402 10098 7755 11341 4720 1716 7815 12853 14558 24924 8069 11490 7532 24707 9778 16740 7952 7577 26942 9351 6839 26186 11474 60
